# Sahil System - Lifetime Record File
# Format: YYYY-MM-DD | FD GB GL DS
2026-03-01 | 02 10 92 68
2026-03-02 | 91 10 30 49
2026-03-03 | 06 13 17 19
2026-03-04 | 66 65 90 54
2026-03-05 | 07 46 74 36
2026-03-06 | 36 02 45 38
2026-03-07 | 62 60 22 45
2026-03-08 | 29 78 51 65
2026-03-09 | 46 26 99 49
2026-03-10 | 79 74 64 09
2026-03-11 | 28 58 24 25
2026-03-12 | 90 18 09 03
2026-03-13 | 49 72 20 95
2026-03-14 | 82 75 74 39
2026-03-15 | 39 27 82 28
2026-03-16 | 68 12 17 74
2026-03-17 | 58 26 45 82
2026-03-18 | 90 76 76 50
2026-03-19 | 87 26 43 12
2026-03-20 | 74 23 85 16
2026-03-21 | 49 17 01 70
2026-03-22 | 40 28 70 27
2026-03-23 | 59 10 86 66
2026-03-24 | 28 75 82 13
2026-03-25 | 48 70 30 92
2026-03-26 | 43 34 68 26
2026-03-27 | 82 43 83 40
2026-03-28 | 35 05 26 93
2026-03-29 | 100 14 21 23
2026-03-30 | 84 20 39 81
2026-04-01 | 35 12 97 81
2026-04-02 | 33 78 63 41
2026-04-03 | 99 100 62 97
2026-04-04 | 59 77 75 71
2026-04-05 | 29 17 59 47
2026-04-06 | 39 59 46 44
2026-04-07 | 07 26 01 05
2026-04-08 | 91 88 42 67
2026-04-09 | 47 97 47 85
2026-04-10 | 05 77 11 85
2026-04-11 | 04 53 24 92
2026-04-12 | 65 52 06 82
2026-04-13 | 33 14 39 100
2026-04-14 | 04 73 02 49
2026-04-15 | 64 19 82 93
2026-04-16 | 03 14 15 99
2026-04-17 | 44 47 40 15
2026-04-18 | 21 62 96 93
2026-04-19 | 60 79 46 87
2026-04-20 | 64 34 62 41
2026-04-21 | 04 08 25 62
2026-04-22 | 60 21 95 44
2026-04-23 | 68 51 33 79
2026-04-24 | 91 20 14 11
2026-04-25 | 59 76 38 88
2026-04-26 | 31 35 09 15
2026-04-27 | 65 54 19 44
2026-04-28 | 25 03 08 56
2026-04-29 | 13 11 85 56
2026-05-01 | 63 15 54 79
2026-05-02 | 72 79 42 100
2026-05-03 | 84 93 74 27
2026-05-04 | 08 78 14 06
2026-05-05 | 12 15 87 03
2026-05-06 | 70 92 38 84
2026-05-07 | 69 47 33 06
2026-05-08 | 48 33 97 19
2026-05-09 | 86 44 64 62
2026-05-10 | 46 86 56 10
2026-05-11 | 22 43 83 08
2026-05-12 | 28 43 47 46
2026-05-13 | 01 08 58 76
2026-05-14 | 05 27 58 74
2026-05-15 | 09 17 35 73
2026-05-16 | 80 06 72 76
2026-05-17 | 69 54 85 88
2026-05-18 | 13 81 46 39
2026-05-19 | 49 83 86 74
2026-05-20 | 79 10 19 96
2026-05-21 | 53 17 60 71
2026-05-22 | 01 100 43 16
2026-05-23 | 77 18 23 97
2026-05-24 | 21 88 21 73
2026-05-25 | 54 86 72 09
2026-05-26 | 13 08 79 83
2026-05-27 | 45 45 17 64
2026-05-28 | 25 41 81 53
2026-05-29 | 76 65 06 71
2026-05-30 | 43 76 78 36
2026-06-01 | 03 52 53 11
2026-06-02 | 51 29 50 48
2026-06-03 | 65 85 02 47
2026-06-04 | 04 78 16 78
2026-06-05 | 72 72 16 10
2026-06-06 | 32 66 55 28
2026-06-07 | 88 32 78 62
2026-06-08 | 39 70 66 26
2026-06-09 | 35 21 100 65
2026-06-10 | 85 33 31 31
2026-06-11 | 75 100 07 52
2026-06-12 | 79 20 59 71
2026-06-13 | 58 91 10 40
2026-06-14 | 23 52 96 05
2026-06-15 | 31 49 60 86
2026-06-16 | 57 49 70 03
2026-06-17 | 13 32 75 43
2026-06-18 | 77 59 96 37
2026-06-19 | 01 23 93 13
2026-06-20 | 56 84 56 56
2026-06-21 | 59 83 61 76
2026-06-22 | 19 37 86 70
2026-06-23 | 77 70 40 97
2026-06-24 | 14 19 13 46
2026-06-25 | 66 30 54 85
2026-06-26 | 08 48 61 69
2026-06-27 | 67 85 00 17
2026-06-28 | 06 40 66 53
2026-06-28 | 41 77 97 40
